-2.516184096097785705e+00
1.000000000000000056e-01
5.539814962834835876e-01
1.000000000000000056e-01
5.177816723502752794e-01
1.000000000000000056e-01
5.277954509269998651e-01
1.000000000000000056e-01
4.794162138569983966e-01
1.272119442846183501e-01
3.972273279511794319e-01
1.027285712125569905e-01
5.564933662262870895e-01
1.271101918352629256e-01
6.131986190522007441e-01
1.000000000000000056e-01
5.657928040888919874e-01
1.560986062284003273e-01
3.888771679900154821e-01
1.000000000000000056e-01
3.803654913172236363e-01
1.120817498628365882e-01
3.826709739945140520e-01
1.034692831836616922e-01
3.866497191526586108e-01
1.069833658126668890e-01
3.526765648089312810e-01
2.176422290233751278e-01
6.892788118623595084e-01
2.031819515932046238e-01
2.793598963065228591e-01
1.109166435199479411e-01
3.172235718499600288e-01
2.226850976128189330e-01
4.450828685656188499e-01
2.745235475411950121e-01
5.187337209705384922e-01
2.203466938097075611e-01
3.929192357597763863e-01
2.329261252382623937e-01
3.724505004374543127e-01
2.440975150132250193e-01
4.008311945678396659e-01
2.600864728772951939e-01
3.591584508417722810e-01
2.536598289696816999e-01
3.376218936868342069e-01
2.842371414280825959e-01
3.368693323198608813e-01
2.876809443127040233e-01
